fabios_code/zinc.asc
NCOLS 78
NROWS 104
XLLCORNER 178440
YLLCORNER 329600
CELLSIZE 40
NODATA_VALUE -9999
[rows 75 to 99 of 104, columns 0 to 55 of 78]
-9999 -9999 -9999 -9999 -9999 -9999 -9999 589.607579073407 606.574793235469 639.708297243947 712.045129930007 780.118839458352 554.341865439342 608.677934484719 658.936106175234 597.460639039305 577.205260281257 501.585547418271 344.828896518068 379.31031227355 375.231489077842 347.983578555636 357.074628839569 353.525288566024 309.710297342117 259.006880021756 294.857808380921 336.49276958412 353.555784246645 359.159920895059 362.658599333545 370.827833880597 390.867555119757 431.558212512816 490.279135383819 505.853392384346 426.81705575525 316.418625442976 251.544364823821 273.559253176257 287.068903825625 275.489434904984 280.243148065949 304.680288625562 327.304750121655 342.659258348837 353.067462397714 360.999749477344 367.708330812401 -9999 -9999 -9999 -9999 -9999 -9999 -9999
-9999 -9999 -9999 -9999 -9999 -9999 564.305115059189 571.688199240917 575.382831363293 581.746945054187 617.885045671386 634.789330824737 603.075392001742 610.869093855022 619.227863865242 574.466497053093 538.649776975950 427.112238509763 221.29120453347 346.664695261830 391.423666587014 385.73414021328 374.592499699037 359.314298110996 337.554945479606 321.459192579786 328.303188230803 343.319071047575 352.705629624891 356.999528625776 359.849757081592 364.866130432097 375.624206418940 394.299028785399 415.007924733233 418.144503357557 391.061735973135 348.55486568796 319.299546274112 317.176476111794 322.024086006853 323.393851792678 329.587609107286 343.354473345792 358.491688460637 370.736369062521 379.596171922648 385.918862111191 390.538182710243 393.987605120803 -9999 -9999 -9999 -9999 -9999 -9999
-9999 -9999 -9999 -9999 -9999 -9999 554.364227501355 558.582112445026 561.25170151461 560.81597836833 572.914176940447 579.410302319256 574.071000459747 566.224536758459 553.408827651852 561.478063920521 595.343551249054 483.112908679357 397.291033853543 393.956902858973 400.464702776581 390.218240278199 370.468161022156 348.345714433564 334.540737160701 332.818764573160 337.88993246231 344.382863089867 348.703092450038 350.409614598996 350.48771727559 350.033890460817 351.048068225697 357.186433688433 368.819803116488 377.494134790699 375.185520681276 364.579501330981 355.520182868828 354.40110281758 358.677808221795 364.813695100529 373.210327604523 384.007048602143 394.996609248822 403.988211077188 410.230706004327 413.980828412769 415.821057677671 416.331977704906 -9999 -9999 -9999 -9999 -9999 -9999
-9999 -9999 -9999 -9999 -9999 547.671308470841 551.918877090828 549.569221321892 548.619875911777 547.927380255457 542.401364352669 539.202796060303 536.005179139151 530.387081909149 532.243327387766 541.054400594956 601.090476336436 448.504383247756 422.541291218517 412.615334542974 402.03995651313 382.405002980474 348.137009404741 302.68269663505 287.48802685454 310.445149982663 328.958704854111 337.219811013903 339.671081240534 339.023146932277 335.659079702048 327.37246688265 313.6019407607 306.693600568160 322.359944958269 347.472190546863 364.924165801904 373.666741712397 379.355687677936 386.570443008748 396.290046456548 407.446218138086 418.922774907529 429.61568117887 438.249586556319 443.958210792773 446.623860003859 446.641068372242 444.622208857766 441.259136398858 -9999 -9999 -9999 -9999 -9999 -9999
-9999 -9999 -9999 -9999 538.180053780085 554.041651625022 568.230779315107 550.215887149843 529.658208494489 514.880656203874 500.291839411241 498.530221322982 502.069428489644 495.300707344781 471.638381076608 465.714340791138 315.76891999548 286.35410241709 394.489445192195 405.606128235942 394.816919123176 370.390335339116 320.577089401283 228.079039947087 204.478262368416 278.659706936939 314.904079944368 325.048441374594 324.995937944221 321.998575277149 316.875505225434 300.399243335039 259.549550652550 223.145908527579 259.328378044679 317.895960544377 357.411828761388 382.341801084421 401.369353300774 419.664258629816 438.862445335075 457.899609091411 474.349413923173 485.986740147364 492.017298002819 493.147881574756 490.590574715532 485.263556266315 477.873674297489 469.264872129459 -9999 -9999 -9999 -9999 -9999 -9999
-9999 -9999 -9999 524.782146417073 533.12233056554 551.209782578575 570.552135831883 544.276362933055 510.255565967613 481.240079824124 445.408447421156 452.508037113739 474.897762338287 475.535349513608 466.674677414118 476.260501164548 404.973696456569 365.911965216854 390.730928481929 393.846825750543 383.513182462296 361.698152529819 318.622970963122 246.527622895629 227.509446174656 279.305793740232 305.969112890222 309.877077993884 302.081738070587 294.972089229782 295.01793671667 281.654425024566 222.967212934750 157.217796876996 216.560760077137 302.230086327427 357.455394879351 395.160272042615 427.12941201372 459.276303678749 492.943606866643 525.103396003898 549.682225296916 561.772515031485 561.785973773782 554.367419075537 543.63303131113 530.8768311261 516.220393894581 500.5312737195 485.272187218632 -9999 -9999 -9999 -9999 -9999
-9999 -9999 517.94491324738 522.031811359834 525.024790231046 529.498481308733 530.889822722227 513.525847294336 488.22460571601 462.818198277298 431.946526167453 438.380793563328 457.535898922052 461.082377822281 474.605218587871 526.079271524952 438.918811024836 398.908407142399 384.790807592832 375.131684979066 367.364019408624 354.571460037009 330.527855791918 300.094310342199 286.426087727934 292.466440452454 297.614267959913 291.523345391073 266.683371999164 246.321086792037 266.259704275104 278.273472604137 250.474204175159 217.777645538497 253.301980327530 317.051550903916 370.191258924396 415.078989526166 459.895351533565 510.311123609146 567.244721921022 623.292499298338 662.26374786235 670.933651062239 654.043787136153 628.470218939976 605.089856488179 583.288915269219 559.5796974665 534.571698226221 511.062594165808 -9999 -9999 -9999 -9999 -9999
-9999 -9999 520.016288762951 528.187627069389 527.503918064229 515.491540418452 501.097819405674 482.831771446947 463.898763620915 450.484323207041 442.874619234638 442.636267961754 443.799014457712 439.505760159635 431.32031468515 397.621660984824 363.114583592535 373.682351402339 349.233332173838 331.989896054536 340.282238400229 343.072392082381 331.994707794563 312.528741015274 292.337746738374 278.973974979671 278.788971367678 274.947512460978 238.277797852085 199.308526499982 243.424447957131 281.449958148515 287.636471155596 287.4214873839 308.347277184767 347.616733490197 392.475936379273 441.428200730586 499.944183659412 575.301465696436 671.190612740946 774.965344740592 844.362698739884 837.593946372516 773.98860050661 708.739096295353 667.88389412295 639.223704918426 606.12606507381 569.47613881613 535.864551189436 508.252751934742 -9999 -9999 -9999 -9999
-9999 511.043435556434 523.726044136283 543.20589750693 546.375746138216 514.571717110624 482.108992533792 453.373365827862 429.128206670931 420.825356035274 424.69288620292 428.304907872453 427.934879017294 419.139216247009 402.996806511543 358.280685574112 324.494077883389 347.385336228493 273.271509758411 238.638616391071 303.980222842134 329.161913959672 325.182929339385 303.214103479797 262.509506525123 222.102564362997 239.727662709622 264.091125510342 253.501533548045 236.410915075143 261.393492737066 292.523035005383 310.418338679165 324.003485507218 344.489412952074 375.596172677552 416.643645483543 469.823507683526 542.831627242163 649.200606504528 804.6558234484 1001.64835702433 1145.10579157116 1097.51913883396 919.672491680137 773.874282699709 713.29053886531 689.243814941088 649.865378564421 600.543031237434 556.27758503236 521.28466094254 494.814182742367 -9999 -9999 -9999
-9999 506.598607192889 518.992154427776 537.201808409715 538.578842272395 504.31302427814 464.004900461287 422.388091354669 376.86790936015 369.862372003434 393.361708099785 405.010946112696 412.842879486919 410.099073074704 400.964540444445 392.224094944334 373.77133939303 347.993816253505 261.053909465488 226.040835671268 295.077133287649 321.421254875827 318.236786849903 293.445965370655 236.036165010895 164.074969900353 206.440829592856 256.654044099761 270.067660960645 274.376462112082 287.854073151963 307.344818811264 325.784942000559 343.994863819675 366.253797871463 396.217011920317 437.032543560495 494.170122721096 578.874989345544 712.55077391733 929.88828948125 1251.37695054656 1529.65862651159 1423.00183773456 1062.1363732833 804.24678664582 724.269412906007 716.733838736169 677.469276708007 619.655514620021 567.805951004525 527.249754610582 496.814693708743 474.642480831057 -9999 -9999
-9999 498.507629965105 505.0288042393 511.043193745388 505.489351145062 481.599844931732 447.793278546708 405.453353136338 351.937997076832 344.768065430978 363.360620270336 373.501250523664 398.562085629009 407.177145666868 409.003803100081 416.525783175 412.378089318395 373.588100925157 325.817741355655 303.737952319163 313.378928856093 319.746686837239 314.08738503322 294.497274133268 256.709163351198 220.003908846408 232.846020125720 254.861064552620 268.791283283352 283.310180658009 299.665365356395 317.58283747348 336.183953836782 356.096696863897 379.618120879561 409.840851825808 450.817572060207 509.196268760391 597.274006969949 737.91541384868 968.788403633233 1315.09038739813 1621.82844150436 1505.65918439251 1106.78008102056 823.05691790549 728.338234290915 714.326664069841 676.690754115075 620.193843077436 567.276355759609 524.23847937576 490.941224048364 466.583270335393 450.577230683660 -9999
-9999 489.389719541154 490.602180799955 489.260253904947 481.106573884722 463.9215381367 439.537551664777 409.971271106609 381.330440215748 369.967850560028 350.572902367409 359.284568377221 390.425581420645 403.984637021964 417.425647685608 462.427064693832 477.237614516703 395.441632874434 346.553652314085 324.732441515052 317.614917926331 314.121790388262 308.773074288664 297.646760663173 278.966918410167 259.445631505979 243.865500385040 229.799143556192 243.230768480172 273.636002947692 300.080396704062 322.00867277246 342.339627628804 363.393097401812 387.507155155208 417.515102495559 457.287313541757 512.830382112539 594.095045137255 716.97364894814 900.730164387338 1138.91416704681 1315.84316885147 1249.76506060846 1015.64678966646 822.673880298925 732.38810922916 694.934261729291 654.657094395227 604.775133732065 555.698330704252 512.529407265708 476.607072674488 449.464650742577 433.194417099333 427.33268396541
-9999 481.465525886439 479.719462847122 475.555588989339 467.324330409375 454.285563231696 437.233208964665 418.175567997856 400.772904838299 387.62486027056 376.895345105297 379.488791016304 390.600224563394 397.821520131533 408.603149538471 436.35430087603 436.268538854189 370.468763841910 322.429877123103 306.431645188637 301.228923899867 296.573473728626 296.324219354494 294.479969094181 284.634553921680 264.517779974601 222.569380197783 167.044166058909 199.270290221201 258.655281503970 297.109634534444 323.602687589001 345.752987260083 367.506477316960 391.532107046815 420.424374611977 457.380683298292 506.822557458078 574.910174919414 668.92756256271 791.915238286697 925.666681016215 -9999 -9999 -9999 -9999 711.135414285667 666.370713384445 625.580908537977 582.023211478554 537.879372423657 495.38164096462 456.147526939223 424.438151387273 407.477477174461 406.934311207828
-9999 475.489819585582 472.445614240831 467.517816042097 460.036543166272 449.800339072746 437.344743389053 423.924624531389 411.240848621882 400.592175049837 392.982570411755 389.597782386695 387.879490861784 385.448847444970 384.560074330012 383.728639837089 363.154318686280 303.718103710683 244.420052491253 260.608163779487 271.782518827397 260.527975322467 273.296539974427 285.532178170248 282.607526866985 265.934194797693 227.714003330117 180.985966201804 207.423268396033 261.140718130556 298.866300473682 325.687423401677 348.067511887526 369.662954171883 392.890660417954 419.888293914570 452.998299627341 494.988236477615 548.855330335392 -9999 -9999 -9999 -9999 -9999 -9999 -9999 -9999 -9999 -9999 -9999 519.525822590965 478.68232146890 437.055687910659 400.653526861027 382.581705639953 387.752822418882
473.832969142009 471.462722801021 468.05622217234 463.234308652137 456.698422388454 448.401101513347 438.655478309704 428.111496496167 417.562473449351 407.614753439652 398.406221582658 389.124456262245 377.935735356952 364.639292145861 353.261420974576 344.464595596052 321.466626823527 255.633313249644 167.555648724327 225.372556184615 252.178546029843 224.066130775866 254.287914975549 276.79475705621 276.000906642139 266.200723130209 252.457852825356 240.679356890556 251.718522264660 279.157530042051 306.072279787639 329.182761987226 350.086270266226 370.663931834706 392.529209735596 417.186739764691 446.163070663103 480.962778299286 -9999 -9999 -9999 -9999 -9999 -9999 -9999 -9999 -9999 -9999 -9999 -9999 -9999 -9999 429.007899253151 393.649826376114 376.182491850549 382.644161035669
471.57333056613 469.190311798992 465.971848294069 461.69202479121 456.172769244895 449.348354579717 441.301443479272 432.236980449528 422.362757813756 411.651985778341 399.459628546314 383.985047637247 362.044817315288 331.550393677291 304.612680753708 305.097932364235 304.168579030182 272.254619115654 236.302588777987 249.462620869388 259.478213199833 252.444733779307 264.700895650571 271.362529185856 258.052503579802 245.895165752997 252.187009276032 263.290844761258 276.358132010464 293.884231702854 313.336536664340 332.676383460521 351.661402717574 370.867232463548 391.131819103681 413.369021220142 438.470616430019 -9999 -9999 -9999 -9999 -9999 -9999 -9999 -9999 -9999 -9999 -9999 -9999 -9999 -9999 -9999 -9999 -9999 391.358755253305 394.237213058554
-9999 468.485134945971 465.855602902596 462.463642545559 458.146222114244 452.740334695056 446.080158891353 437.983022801546 428.201101963198 416.26405182909 401.079016425100 380.091511302852 347.651599727219 293.865734669554 232.780087771570 256.494081806801 294.128181478278 289.270253721546 269.749789238351 254.023021417249 256.662200496249 269.568587679694 275.803228893321 264.384670811626 220.012033107409 185.860751682691 224.284021532582 261.323973999788 282.598405816083 299.764864222784 316.994557270985 334.592381620118 352.353788084059 370.40858651262 389.176560169298 409.193351749859 -9999 -9999 -9999 -9999 -9999 -9999 -9999 -9999 -9999 -9999 -9999 -9999 -9999 -9999 -9999 -9999 -9999 -9999 -9999 411.646182367212
-9999 469.193202887337 467.532090900975 465.446238459191 462.763593754434 459.193996667347 454.276478183149 447.378583545452 437.784255335332 424.764413727736 407.335628049331 383.410350216324 348.209206925741 294.03332697703 237.490768042518 258.542731727341 296.143054576381 295.269912407257 265.246883834511 208.840688910418 219.190517434813 268.484632042576 283.375867104291 266.355613185300 207.532228978103 161.680917264442 214.696148301059 257.976019769054 280.010544373583 298.044540175516 316.245886764089 334.343604050785 352.033251291142 369.47239102989 387.047719834731 -9999 -9999 -9999 -9999 -9999 -9999 -9999 -9999 -9999 -9999 -9999 -9999 -9999 -9999 -9999 -9999 -9999 -9999 -9999 -9999 -9999
-9999 471.154797424464 470.871887819129 470.655383852793 470.384203231528 469.680381264041 467.718144452462 463.14572620376 454.411896549617 440.488335099933 421.193322687470 396.460178075748 365.566073055697 329.570194731964 302.094579401458 302.927885775451 311.309331098601 304.422748158191 275.719266797245 226.432026055441 235.285360551619 282.407625801564 299.838470713136 288.406557810032 254.611299654529 231.258564785276 243.063590110635 253.962706142617 266.516728749148 288.178649433534 311.409012621306 332.384407491538 351.118235720262 368.446921378058 -9999 -9999 -9999 -9999 -9999 -9999 -9999 -9999 -9999 -9999 -9999 -9999 -9999 -9999 -9999 -9999 -9999 -9999 -9999 -9999 -9999 -9999
-9999 474.141551534809 475.659547775245 478.007671591446 481.307156928467 485.317551490595 488.89265797742 489.382537742987 483.078997431181 467.769391405722 444.945276115038 418.09307459556 390.002342657863 363.506874676766 343.528895646042 332.244087863827 323.722452780027 314.814140041749 303.712232523235 290.834794387872 297.302682357653 319.616054596659 330.798601686971 322.323693795644 300.426053635866 277.00906955982 249.890394737492 217.401859534614 229.782613352756 270.512861826984 304.891813779184 330.419286602822 350.602579731463 -9999 -9999 -9999 -9999 -9999 -9999 -9999 -9999 -9999 -9999 -9999 -9999 -9999 -9999 -9999 -9999 -9999 -9999 -9999 -9999 -9999 -9999 -9999
-9999 -9999 481.454971533448 487.045279007048 495.295624267032 506.735261365251 520.569057405558 532.275553681823 532.368303937662 513.638498885131 481.38905767957 446.934569591647 416.297914329289 390.240354553806 367.374409863432 344.054412801557 317.607564248469 303.922578487393 315.553383731390 329.175788760001 345.377229204384 367.486018388371 378.639855141371 364.305012739096 336.971536615918 302.386387651981 243.876517360707 173.319872254476 198.623245372297 260.852226900278 303.3755395271 331.267553087168 351.762857881578 -9999 -9999 -9999 -9999 -9999 -9999 -9999 -9999 -9999 -9999 -9999 -9999 -9999 -9999 -9999 -9999 -9999 -9999 -9999 -9999 -9999 -9999 -9999
-9999 -9999 487.499215683571 496.65534564597 510.838620411565 532.420270819884 563.076321907155 597.851554224923 614.456594612209 587.520310766422 532.430597705688 481.309305472956 443.778954084562 415.247383992408 387.626411248074 350.800373578617 295.559193651725 262.544113553698 308.593407360095 350.769166914329 381.040242769387 418.955250693286 443.36961343445 409.745743456194 370.012402509430 334.935245778066 282.04907605431 227.838335825766 236.937515987044 278.453156052074 312.551467879821 336.913145840457 -9999 -9999 -9999 -9999 -9999 -9999 -9999 -9999 -9999 -9999 -9999 -9999 -9999 -9999 -9999 -9999 -9999 -9999 -9999 -9999 -9999 -9999 -9999 -9999
-9999 -9999 492.769331518843 505.038718874478 524.644282258477 556.381522629303 606.770843142349 675.739804684933 724.394702159115 683.487745534705 589.026289831716 515.061850997097 471.504409934809 444.34602713684 417.760799588489 377.76032137304 320.886747611789 291.044589744487 332.040739720546 375.989629694375 405.956290141843 441.125411726752 467.69730593305 427.942460828133 392.174501182614 373.59809799927 339.43774433476 304.164393417448 296.269555602511 310.320091648818 329.304335276542 -9999 -9999 -9999 -9999 -9999 -9999 -9999 -9999 -9999 -9999 -9999 -9999 -9999 -9999 -9999 -9999 -9999 -9999 -9999 -9999 -9999 -9999 -9999 -9999 -9999
-9999 -9999 -9999 510.266463677716 532.635303024188 569.16583280582 628.610475138909 714.266838578815 781.244590387239 733.904669408527 619.167551865625 536.765331781211 497.073691281295 482.03021832152 468.179246842211 434.643371360659 391.136127683716 371.713288739389 389.126258438586 416.385632060115 431.482764878505 437.408427377545 437.305838769011 416.669229636949 401.139369618726 399.435372778973 375.403468829825 348.730239176401 336.589966987862 338.233403912651 -9999 -9999 -9999 -9999 -9999 -9999 -9999 -9999 -9999 -9999 -9999 -9999 -9999 -9999 -9999 -9999 -9999 -9999 -9999 -9999 -9999 -9999 -9999 -9999 -9999 -9999
-9999 -9999 -9999 -9999 532.669994341398 565.839075753226 615.736344575295 679.571068450295 721.588238608501 686.054948438866 603.212700885509 541.189650997851 518.260498221207 528.350699405858 542.096974813291 509.361974695488 457.159928492508 435.488626959230 449.990449965598 480.411321027567 486.387451927094 461.369748979226 436.109928820334 415.112802641873 402.59069048471 399.130761376181 385.904846143834 369.68146533792 360.038120797929 -9999 -9999 -9999 -9999 -9999 -9999 -9999 -9999 -9999 -9999 -9999 -9999 -9999 -9999 -9999 -9999 -9999 -9999 -9999 -9999 -9999 -9999 -9999 -9999 -9999 -9999 -9999
