fabios_code/zinc.asc
NCOLS 78
NROWS 104
XLLCORNER 178440
YLLCORNER 329600
CELLSIZE 40
NODATA_VALUE -9999
[rows 50 to 74 of 104, columns 0 to 55 of 78]
-9999 -9999 -9999 -9999 -9999 -9999 -9999 -9999 -9999 -9999 -9999 -9999 -9999 -9999 -9999 -9999 -9999 -9999 -9999 -9999 -9999 -9999 -9999 -9999 -9999 650.344305519905 687.301809549879 587.463314365388 448.018594830339 272.190914117431 237.272763898065 350.171162136090 400.938138827562 414.612519725379 414.819412844594 408.011402662616 392.700423381516 362.045769001442 302.585059518118 227.826068022714 262.368678647059 313.616228586302 323.674555334762 321.30033409384 311.980812226196 294.619908947257 277.467808684733 234.507561309338 237.476696157998 232.427849067241 205.305324523403 216.738339729951 251.722639569758 284.880074045541 311.320137950688 331.661662995313
-9999 -9999 -9999 -9999 -9999 -9999 -9999 -9999 -9999 -9999 -9999 -9999 -9999 -9999 -9999 -9999 -9999 -9999 -9999 -9999 -9999 -9999 -9999 -9999 -9999 582.307925121278 578.796126235764 527.841920066552 437.066627252725 315.813425383508 286.128832967037 356.107434464717 394.879554806081 406.584124088504 406.053058789613 398.114414028842 381.891329454685 351.700688943227 295.391694419316 225.709970193097 258.595219527436 310.335831537991 324.665713963952 322.701603462904 307.216685765007 283.611308602037 263.986863456518 156.609352046097 202.003565291239 208.493022366745 138.410165186008 180.947138182926 245.003457214497 283.42617343194 309.559675839697 329.124815870223
-9999 -9999 -9999 -9999 -9999 -9999 -9999 -9999 -9999 -9999 -9999 -9999 -9999 -9999 -9999 -9999 -9999 -9999 -9999 -9999 -9999 -9999 -9999 -9999 -9999 585.740938779688 599.327713605636 514.642249034153 446.261275522731 394.374476824082 373.210070449582 383.367900276612 394.900179764669 398.667765965871 396.186166745387 388.497760489513 374.867114749982 353.249400379388 322.978092048222 297.56468814581 301.797314109754 315.970926630406 323.604805923726 326.919619912757 317.894047389887 297.137739535936 270.026877448777 225.768634536529 229.441612755153 222.465253475262 184.067840584289 206.304069353841 252.936048033347 286.126600562281 309.719387437701 327.841865105972
-9999 -9999 -9999 -9999 -9999 -9999 -9999 -9999 -9999 -9999 -9999 -9999 -9999 -9999 -9999 -9999 -9999 -9999 -9999 -9999 -9999 -9999 -9999 -9999 -9999 581.078648034721 614.350796716127 462.829679261549 424.462159100945 408.082802732287 395.807694991039 390.982151473641 389.69528791597 388.178326012861 384.725586278107 378.307964449849 368.163203008428 354.044928526903 337.502849939707 323.387851975050 314.899992380241 308.876958406943 314.555563032343 343.554809019311 344.034680488864 315.400239755831 291.187796902916 270.876151998111 260.280161096671 250.555596245213 240.663607185604 248.038823969225 269.297901863046 291.634515734189 311.038006711327 327.333046688454
-9999 -9999 -9999 -9999 -9999 -9999 -9999 -9999 -9999 -9999 -9999 -9999 -9999 -9999 -9999 -9999 -9999 -9999 -9999 -9999 -9999 -9999 -9999 -9999 506.281644529466 478.118616758509 353.255209645718 293.216737769715 377.247471755436 393.734426206618 388.060692007495 379.769809387016 374.551661080616 372.33928270134 370.322698035085 366.216597260656 359.23980290521 349.555621549759 337.866246246213 324.632490661736 307.220117891564 278.293836738399 264.378714527992 348.518799700046 356.456057051185 322.449709227147 301.789925370114 285.815446797693 271.938536540824 259.950872207581 254.609774477890 260.981013339728 276.264736279797 294.405456195338 311.693983527938 326.903173736512
-9999 -9999 -9999 -9999 -9999 -9999 -9999 -9999 -9999 -9999 -9999 -9999 -9999 -9999 -9999 -9999 -9999 -9999 -9999 -9999 -9999 -9999 -9999 -9999 532.605278228387 459.399712152314 342.172461212433 306.694826231887 363.883405501735 376.912059723817 366.958395873074 352.099674516231 345.879470012982 348.785604413389 352.045715735096 351.499281925396 347.334817548166 340.520029950188 331.383280075201 318.950203319377 299.246075152327 262.026295320023 230.868718890419 294.012468857458 320.273878070691 312.77704971136 300.513350885668 285.316723564679 263.933762984376 237.393027524487 226.075355498749 243.475224503881 269.413544783816 292.168350639262 310.822434820497 326.218318821853
-9999 -9999 -9999 -9999 -9999 -9999 -9999 -9999 -9999 -9999 -9999 -9999 -9999 -9999 -9999 -9999 -9999 -9999 -9999 -9999 -9999 -9999 -9999 570.719429902981 633.301084062482 481.689318398361 397.441054632375 369.053376911438 366.783872266538 360.571229668167 334.85478561237 298.227837954462 293.756076355803 316.028495781825 330.55563883189 334.234396550795 332.160236430742 327.568744411429 321.075035983724 311.447405311183 296.951701610387 278.51854825165 270.278518182501 283.79653131167 296.415042419138 298.861209585526 293.150045367481 277.572977542091 243.128240197353 180.701804013172 151.612040712353 204.480883257398 255.569542111338 287.770515923126 309.443671932164 325.622850717195
-9999 -9999 -9999 -9999 -9999 -9999 -9999 -9999 -9999 -9999 -9999 -9999 -9999 -9999 -9999 -9999 -9999 -9999 -9999 -9999 -9999 -9999 -9999 521.268076415072 480.586007471984 373.766033798354 373.264802784807 354.194845881393 347.771827786772 344.408281635062 299.340026059696 208.943194282172 215.843579962894 282.654086742567 309.730305061871 314.765364130359 312.491826774171 309.595326108649 306.692075781199 300.771555947102 289.375912542267 273.140545745092 258.457319380501 258.638050479833 272.966466755630 283.977133957986 284.621067278163 271.690282722556 234.896428939472 162.294774665308 128.434469016205 192.652127892417 251.606028672585 286.918754338493 309.537959206551 325.812014616339
-9999 -9999 -9999 -9999 -9999 -9999 -9999 -9999 -9999 -9999 -9999 -9999 -9999 -9999 -9999 -9999 -9999 -9999 -9999 -9999 -9999 -9999 601.55860066447 495.012235319149 299.088377336264 223.929958984287 342.281033427067 328.286911266935 327.725353681751 337.466196222472 295.116705802222 211.239227788216 216.526466923453 273.917847296211 293.517995686818 291.722491076783 284.007393394205 282.550182314486 286.749029838293 286.616628381386 275.618346931846 247.306721715101 198.883719663041 193.864827400656 240.464720699614 268.687272710122 277.302852659355 271.431176819848 249.334719600356 213.068769481940 197.914435996858 227.031516788404 264.251828410781 292.153338089054 312.10679451363 327.174095993976
-9999 -9999 -9999 -9999 -9999 -9999 -9999 -9999 -9999 -9999 -9999 -9999 -9999 -9999 -9999 -9999 -9999 -9999 -9999 -9999 -9999 699.523997392532 768.44642456319 571.540538483285 391.135656361543 332.555520748343 351.179466441692 349.983843437727 346.125252265841 340.536176022775 313.280356971480 278.966604957884 270.158600016910 278.540699743475 277.856102579892 261.543364381341 235.882629184329 237.114442400787 260.336236758916 271.457786031456 263.977268038068 231.071019193106 161.406546185993 154.180802450816 222.416953724906 258.671549580428 271.710525877118 272.642080881494 265.118409766656 253.805604727224 250.484190437765 262.366549390992 281.761442232075 300.534606406233 316.365109277259 -9999
-9999 -9999 -9999 -9999 -9999 -9999 -9999 -9999 -9999 -9999 -9999 -9999 -9999 -9999 -9999 -9999 -9999 -9999 -9999 -9999 654.275093404077 689.7573892119 724.313587222979 577.367833008437 427.926569918850 334.054928659122 332.950337387289 358.17966976979 357.931046730086 343.069105217007 317.218472400958 290.147311719022 273.807181994803 266.912874415562 257.680769867196 230.786047312661 167.317741907242 175.700015020193 235.458199369332 258.80970700032 257.762941794466 239.552981307220 209.409346803466 205.904667638411 234.162267202231 255.667810721696 266.260045721260 270.532377032976 271.445466170038 271.569679940466 274.55300228778 282.809276804995 294.990718372264 308.258237926149 320.831310283523 -9999
-9999 -9999 -9999 -9999 -9999 -9999 -9999 -9999 -9999 -9999 -9999 -9999 -9999 -9999 -9999 -9999 -9999 -9999 -9999 691.684070731533 715.49726754913 668.058269978143 618.768737443305 535.516978411967 414.857256415318 263.715424877828 292.903037476712 361.212519702458 363.302668705031 339.668961591869 302.339214472136 257.403557223778 233.312247861668 235.407399692134 228.539046073718 220.605928683919 180.547763590925 186.636657782570 232.663801510194 250.200792614477 250.110928976658 244.013829328747 236.658962228024 235.46541084787 242.377225071638 250.499124943984 256.447417620725 261.443083626955 267.340589936148 274.354607900003 282.41257905303 291.858256530409 302.542196643065 313.690346812603 -9999 -9999
-9999 -9999 -9999 -9999 -9999 -9999 -9999 -9999 -9999 -9999 -9999 -9999 -9999 -9999 -9999 -9999 -9999 -9999 673.884484149797 727.215803782801 780.813346638958 686.208430407666 602.936167443731 535.845007711080 459.043685160537 379.983076590771 373.969308180746 389.961119779511 370.972646086931 331.874216978997 279.484485585245 196.845726296411 150.430500936505 200.33882168469 173.460233575172 206.935832047635 224.572700648932 230.543124258119 240.632967307637 238.675248704498 230.220544228932 230.025961624233 232.216941537285 231.081221286155 231.819658953351 234.944375392556 236.508602011064 240.470344694901 251.769951704160 266.761084948234 281.141054823287 294.03215521156 305.858311352615 316.914487423351 -9999 -9999
-9999 -9999 -9999 -9999 -9999 -9999 -9999 -9999 -9999 -9999 -9999 -9999 -9999 -9999 -9999 -9999 -9999 666.589147055195 696.380755011732 714.845223671682 709.192913123384 660.112251164257 603.233593161701 563.055654359913 535.806563066746 512.162367920084 482.562785413783 438.544216934451 379.63838008761 315.420356123037 262.758252798043 205.867000271283 171.158616558404 204.213159618304 179.646750781572 212.58453983577 240.59771032952 246.113568520804 239.752302220388 215.405560040947 183.389444189429 197.241588653932 212.792618531301 203.436554393945 201.071807432634 208.608666084619 201.23702555182 199.029784909957 222.737821286923 252.006178336764 275.225694122570 292.796016581815 306.832433455965 -9999 -9999 -9999
-9999 -9999 -9999 -9999 -9999 -9999 -9999 -9999 -9999 -9999 -9999 -9999 -9999 -9999 -9999 -9999 -9999 682.693812230481 728.915301450378 759.29006355272 692.081381852834 640.161635868197 606.614867682519 601.210585039184 640.780702733928 697.049109716224 637.700414862852 505.193153762904 385.22348470407 268.434869493798 199.718250278956 228.178073855711 236.439265232341 239.948047026488 237.077188310650 245.177694627151 253.060658402375 249.295228203424 234.401290780822 199.692987077454 146.296091419957 176.065295559321 196.130140405383 155.998907613735 152.224498151412 183.529926256695 153.692860905601 136.080421929007 188.632899179226 237.599565401916 269.530520307901 291.186768105459 307.246278711552 -9999 -9999 -9999
-9999 -9999 -9999 -9999 -9999 -9999 -9999 -9999 -9999 -9999 -9999 -9999 -9999 -9999 -9999 -9999 692.324000450607 689.656582493656 706.878685077821 716.014255962049 669.683647013704 627.024110473844 608.73552186825 633.42218425095 757.739796659988 991.279381453538 857.256079193876 575.166735745122 398.317552832781 244.738006512021 149.828052920288 226.533397723006 263.477761415489 269.330872606259 268.466161695805 266.589731560308 259.785514424112 242.966684407366 222.442999025553 208.206433450079 192.904576648792 200.737249590427 199.155169229525 155.657388161236 151.769398452117 181.764078397572 149.242710802020 130.502048512526 185.148141579078 235.555069831603 268.783709399058 291.576602759324 -9999 -9999 -9999 -9999
-9999 -9999 -9999 -9999 -9999 -9999 -9999 -9999 -9999 -9999 -9999 -9999 -9999 -9999 -9999 -9999 740.076108095745 707.826470710468 683.790423199635 665.193147350742 637.578423664965 610.76329214415 600.916934853849 629.939210520657 744.69350536284 930.850709140909 821.613064355509 577.014713218561 419.618517409884 311.45329831791 257.384192187622 269.538275629909 284.255421168693 287.249569005705 284.77352730604 277.629605432599 260.535817765934 222.913431411335 173.837517026522 186.735066992141 214.724733053509 223.668969596526 219.334490486509 202.594699849047 197.561067247358 201.945424017763 191.881557814244 188.860452440550 214.377580133327 246.884907231515 273.867217767276 294.758127567112 -9999 -9999 -9999 -9999
-9999 -9999 -9999 -9999 -9999 -9999 -9999 -9999 -9999 -9999 -9999 -9999 -9999 -9999 -9999 -9999 838.341681697861 749.499606064713 688.020613762226 648.795756610132 617.918806072973 593.680329143874 582.21066232436 593.730160354715 637.213642854445 679.937705236928 630.897169243617 519.14581959471 421.325066748252 351.763806761299 312.076230138141 298.280871091949 295.890732854742 295.217010096963 292.547512952179 284.599432610409 264.487931135691 215.865446476700 140.384265002768 168.173119321874 221.999046265899 238.993663587704 238.531533213769 230.348669592787 222.159162314823 216.602430415389 215.329535187596 222.197757457157 238.823001711838 260.549293897785 281.716383264024 -9999 -9999 -9999 -9999 -9999
-9999 -9999 -9999 -9999 -9999 -9999 -9999 -9999 -9999 -9999 -9999 -9999 -9999 -9999 -9999 1064.08382910896 998.066624280952 779.35705162559 694.72995459137 643.499640655454 604.65070454009 575.959494847942 558.1669486212 552.653524278227 556.456023273671 553.42372270321 521.739839935258 464.991343512849 403.538161667542 349.348789974709 308.693245272972 288.879945817133 287.622273534033 291.233444297782 293.247777851629 289.63244902442 276.68064603355 248.165566930649 213.512961267422 219.006321232361 243.177659315567 253.783183738312 252.077581746880 241.243022201554 221.535904507625 199.638562402203 201.352713368242 224.366178154055 248.608451200814 270.379633463115 289.681140913234 -9999 -9999 -9999 -9999 -9999
-9999 -9999 -9999 -9999 -9999 -9999 -9999 -9999 -9999 -9999 -9999 -9999 -9999 946.028902180833 911.5722341346 987.3902180629 898.94189772253 726.565372025218 688.642876650415 635.348056118829 589.413433438097 555.23109889588 531.868514735052 516.963834523684 505.966484633886 491.331031199787 465.679211289136 427.581061917585 379.838528549278 322.755345295771 258.624026116715 230.684432874865 257.270882962657 273.105727401028 286.333495534305 288.777629249949 284.964739009342 278.222940103516 267.118337494952 263.712314887421 267.042279383156 267.825574268891 261.867444241347 244.790624322429 205.889255356729 149.188234398572 157.293850517211 211.968967321921 251.618519806681 277.927705834998 -9999 -9999 -9999 -9999 -9999 -9999
-9999 -9999 -9999 -9999 -9999 -9999 -9999 -9999 -9999 -9999 -9999 829.295231002092 1013.56058259234 1274.39937085929 950.230102328174 806.903564090925 748.165613769392 703.654711599744 672.814256724273 616.296206054047 565.225548865753 526.961851585112 501.45261730246 483.996484118661 469.184536639188 452.900137717025 431.803934414257 402.828227476646 361.822465611281 298.427929983501 192.606007634080 130.335520417851 229.726031980990 235.794684441294 276.544618526431 272.813722571988 270.406281964065 290.988872015566 292.399961030183 287.362290290746 282.592220431511 277.374033321578 269.327039099739 252.081970529057 212.615343230694 157.034294711278 164.338539558421 218.738602115135 260.341283456131 287.478746023638 -9999 -9999 -9999 -9999 -9999 -9999
-9999 -9999 -9999 -9999 -9999 -9999 -9999 -9999 -9999 -9999 742.56613719169 810.27854045384 946.956837396653 1103.47208747075 742.528975334849 732.676163156097 706.310983185578 675.97234320237 639.907962809039 582.740989924286 524.671481949948 482.878139429667 461.718262790868 448.973847932546 435.506004554278 420.902700137386 405.676411497857 386.100746635391 355.763225752299 306.118433094786 231.739572689051 198.589611666115 246.664126778556 244.182706064948 297.641737275894 271.525116547055 264.787070446887 305.187620813707 306.592390070923 297.389267429672 286.770472766586 276.979564866665 270.89731379968 263.335547261385 244.357604397469 220.679517102357 222.830828179427 250.283127886274 278.913810501502 301.171635375636 -9999 -9999 -9999 -9999 -9999 -9999
-9999 -9999 -9999 -9999 -9999 -9999 -9999 -9999 -9999 697.398041100963 743.92215051191 783.817922302383 798.578708369377 746.170072076058 590.516449149101 783.92915846808 695.058816498203 669.826222410148 609.652567826824 535.734103204855 454.2080791577 402.866648204399 405.472953616702 409.810006660568 398.241736037412 383.709298774714 377.262693787251 371.576383308469 356.707382408109 330.458914222751 300.156727535758 289.499416420431 305.368798026415 337.232442288441 400.550986774762 411.336966093834 366.016574997944 336.826277891743 311.179807543018 294.852087166808 276.667503201258 255.37227073487 254.939176857569 267.202594291734 270.406974479278 267.371563612364 270.892656408973 284.509982752943 301.836657231126 317.919155746008 -9999 -9999 -9999 -9999 -9999 -9999
-9999 -9999 -9999 -9999 -9999 -9999 -9999 -9999 -9999 699.57981099984 777.089667478754 863.646574667698 801.178312664616 706.596101063568 669.786301919044 674.399717160089 646.331372028852 612.522413498031 557.709275846493 478.013844555890 342.957248350939 251.534222358322 337.654687957064 372.751102127715 351.984065979364 324.17448116625 335.80824914978 354.274077465037 356.761401039946 348.267580425637 338.639652892582 339.655929303242 362.175841484937 427.499109962819 588.230822272703 695.27463553255 488.433817511345 343.822875138757 279.670105571909 276.695840996730 258.463207160661 208.597718299716 219.189930656822 263.030612818418 286.326645651845 296.061650021243 303.375248980303 313.028593466458 324.503530918052 -9999 -9999 -9999 -9999 -9999 -9999 -9999
-9999 -9999 -9999 -9999 -9999 -9999 -9999 -9999 635.367969620536 686.305087561009 801.307546140439 1080.05913580823 847.993424592648 662.454268113188 643.814702493135 619.152502106324 592.131672829604 559.237709582253 490.920699499583 432.732597295338 317.536554082657 225.724819928374 322.005968790285 352.570553866219 304.728366665710 237.888575719022 287.991013417118 338.304352196032 354.746688294147 356.83688441945 356.928802413881 364.417480266284 390.583765751412 458.558248156242 608.858591215545 697.42542110729 495.581505319742 302.521912160241 206.108995380278 253.427273122375 260.911591980667 216.495907359592 226.572580121255 273.04569130771 302.918555100018 318.691047023748 328.751185307731 337.497177909383 346.132283607546 -9999 -9999 -9999 -9999 -9999 -9999 -9999
